euclidean
100
43.2178903964 14.0347372113
30.7007433235 -60.6295828691
-55.5735061772 -40.6788131694
-18.4278406842 88.8247767448
50.1383126045 -14.7069143102
89.1173216359 80.6609015771
97.4567852556 95.2280895886
10.4830784666 47.6353115601
-97.6036558391 -73.5741253749
-48.3196545728 -14.7948452063
25.5439161913 -16.1110912768
85.2768057011 -39.0347550985
-69.8481004814 -48.3483600546
10.4079213064 8.15045824466
26.9655577714 55.6828909382
-11.3176838252 -6.2236815445
81.4617931081 -76.6297935281
-30.6012481525 14.0783851052
17.1531143603 -9.03828178755
57.9712501785 -14.178129881
-55.8806568872 -74.8842920322
73.8739338761 52.0999022619
69.7056512483 -61.1125840404
25.9338429274 58.973172142
96.9659764518 54.093150179
-55.4186133326 -63.8930751982
96.3721205843 -81.8674257801
90.0335188003 0.0585680313212
93.3146354779 -35.1992397686
-6.40253038448 -67.1793980824
-52.5536167571 -14.6612649878
33.0332433644 76.2752905428
-83.3822327575 -51.4080356205
-15.5990279236 0.978564651399
99.556833472 24.300739551
-87.2928550838 99.4056507815
-11.8200699939 -58.4368243304
-85.1526053406 36.0182774013
53.1784127285 21.1362472915
90.6449515157 51.4975439664
-40.819779719 94.3874409867
13.4416627831 -79.4007688081
-52.0048971466 63.503258332
-91.5025369558 3.88129136488
-45.6840858072 58.5117997303
-13.8265322435 46.3317296764
-84.0582375534 -73.8895603887
73.5578919394 74.9561230931
20.6025628211 -61.7650650973
28.6354366378 64.2181139722
-81.9223655499 -7.00781919252
25.9139961897 49.4374427203
7.20781404531 8.96673788562
-10.782664005 45.7945628077
20.0436482952 -43.685608851
-32.6674591301 -20.2126764773
15.70688491 47.1146128388
40.5727522239 -21.3222142051
-85.2828502715 41.0693948294
-34.6995272292 12.9167361419
87.6443113299 -2.55211668666
-75.684532102 -9.41809612033
-33.5639041579 39.8647609389
24.5618296969 -64.6472311552
-22.4603267364 -17.6868768087
23.7542261014 32.8890612418
-84.1307232849 -49.4275827684
-54.392676315 86.1254807409
28.5822026463 90.9266440014
56.3388440483 98.8518469898
-80.498815656 -12.1029400328
-54.2864489704 34.8475041674
79.7404019061 -47.0650461167
-94.625392529 -84.8839556022
94.3415576586 5.08928049631
-99.1336400229 -99.4375617761
99.3145882039 87.4179745275
-64.6619060836 18.8205208496
-71.1288480296 68.9434211903
-89.8610813457 -15.4920523299
-19.8463859801 34.0537716419
78.9033919713 38.1784515718
11.1817532773 65.2217810043
39.2069702802 94.095470514
-12.2313340296 -2.85818512386
33.2138518541 -10.0267311753
-6.29527288247 11.2617839846
-90.1129022913 1.34306218775
-55.3943780766 -93.4786691335
-58.1791250548 82.069660529
-46.6389207589 68.0835696396
22.7433875251 51.5632694709
84.8369264178 22.9128174702
-56.0423291396 -40.6009403624
-31.384591107 95.5249726432
79.401252768 94.4162769569
87.3166897237 12.3700707576
46.4292102465 -43.9913452893
-14.0744661567 -78.8055372732
-25.126530417 13.625489214
0.0 75.7062722891 112.930565536 96.9213401367 29.5630643831 80.9061404729 97.6433212556 46.910196212 165.849391581 95.9701357786 34.9448184919 67.7150158431 129.133919315 33.333448826 44.7069013085 58.1767340624 98.4004737225 73.819151453 34.8100094158 31.8375170895 133.143215506 48.874838027 79.678863987 48.1477022394 67.033821345 125.70562364 109.647603956 48.8573061865 70.2400765732 95.173115584 99.9782082488 63.0683241745 142.514377164 60.2485976813 57.2666334868 155.952709401 91.0016720517 130.239242224 12.2328839832 60.4382992513 116.270748696 98.065373685 107.305702781 135.102501859 99.4070946322 65.552741183 154.69290499 68.0582908351 79.1015996764 52.2591548033 126.897095468 39.405282794 36.3649586274 62.6477964302 62.1987447342 83.2554599838 43.0248020844 35.4557579162 131.313796171 77.9254380535 47.4218367337 121.193322701 81.0100864136 80.8634697922 72.9375692067 27.0983350491 142.285401443 121.346190861 78.2724005365 85.8259956885 126.447623656 99.7008899846 71.1834065615 169.663426924 51.9003906554 182.043733345 92.3684958409 107.985898216 126.846916261 136.315237668 66.1654342872 43.0856584698 60.3856566892 80.1611408175 57.9653975615 26.0583009437 49.5907512292 133.933486827 145.888697428 122.106943018 104.859538421 42.7503918273 42.5554281901 113.303347021 110.481621626 88.1500291798 44.1302075286 58.1148761123 109.095053443 68.3456460957
75.7062722891 0.0 88.550998518 157.322037154 49.8669287918 152.890475886 169.55230225 110.136466886 128.955728935 91.3512258282 44.8161685079 58.6931271197 101.296092838 71.7111754264 116.372433051 68.7426382895 53.2230299435 96.6396121566 53.3404218001 53.8648125295 87.7469976454 120.713964397 39.0078983329 119.697712366 132.485420328 86.1811694806 69.0201112925 84.8730222479 67.5810760563 37.6769558109 95.1019175478 136.924741812 114.455067014 77.0664171896 109.335816716 198.830996765 42.5773150303 150.873481074 84.7991544989 127.144801971 170.720423211 25.4996722069 149.161607762 138.185725042 141.524948928 115.859400356 115.52251164 142.197815907 10.1618191949 124.864778454 124.736755578 110.171062763 73.4545137392 114.223342039 20.0167912006 75.1601982733 108.782477904 40.5280864465 154.255878488 98.4187808726 81.3361052391 118.069654028 119.28561545 7.3367403024 68.3386813869 93.7762811049 115.376559706 169.640616484 151.571033241 161.529064501 121.326736469 127.822912668 50.8810846111 127.651537102 91.4829068804 135.510244357 163.174565911 124.122334343 164.798146398 128.734417429 107.331029541 109.938723873 127.356023655 154.958697857 71.9770634528 50.6652179905 80.8521727797 135.781242085 92.1489685092 168.115154193 150.161577206 112.47468883 99.5492791258 89.0253174159 168.044142887 162.514486337 92.3813553505 22.8957555348 48.3237488457 92.9004855927
112.930565536 88.550998518 0.0 134.725573911 108.855538033 188.835277499 204.667917157 110.285343548 53.3726057608 26.8811859972 84.7561748235 140.859906585 16.2045052986 82.0843865763 126.878978149 56.086842551 141.672672873 60.1827586086 79.3113142051 116.59630316 34.2068578766 159.26245563 126.934653571 128.739916633 179.582902298 23.2147787698 157.429270788 151.198346386 148.988940698 55.8575497238 26.1922229964 146.72906474 29.8067356217 57.7347039358 168.189668385 143.630686608 47.2198066307 82.2032043738 125.09229219 172.847673357 135.869663487 79.1358540429 104.243172403 57.2407037762 99.682387224 96.5072245946 43.7530987752 173.338848687 79.0406446609 134.515840605 42.7550959025 121.495483939 80.0385838733 97.385133852 75.6769110811 30.7172547996 113.086603114 98.0753839044 86.9793920278 57.5170053384 148.205898115 37.1710343435 83.4966461074 83.6430338785 40.3126753056 108.190208678 29.867300153 126.809791867 156.211970363 178.866372629 37.9190134119 75.5372830244 135.464525585 58.9842728626 156.745796635 73.1442123375 200.995295466 60.1894489222 110.720381711 42.5442209063 82.8334856816 155.892605142 125.184665639 164.764821063 57.523419511 93.9294686281 71.5972758516 54.3949252455 52.800159817 122.776125713 109.128743834 121.004700938 154.139498731 0.47524640356 138.335009603 190.968240628 152.419789301 102.056489391 56.3543912531 62.2573336266
96.9213401367 157.322037154 134.725573911 0.0 124.177809731 107.854581712 116.061401614 50.3230890183 180.671561445 107.845011896 113.776323548 164.629017992 146.494070109 85.6729060733 56.2044946439 95.3140270565 193.269640046 75.7312017106 104.130603509 128.243595778 167.938597831 99.3394885872 173.921604637 53.4703400982 120.507339682 157.133890562 205.705758573 140.154580056 166.938125217 156.46696345 108.967561348 52.9691681584 154.545510169 87.8917468298 134.475777416 69.673130428 147.409775065 85.0924238188 98.5352350551 115.283113704 23.072541412 171.217696012 42.0547026551 112.050466057 40.7649294576 42.7414446237 175.451715586 93.0253436458 155.565654512 53.1078141623 114.958432192 59.3090261167 83.8718854197 43.7040963518 137.982092153 109.963325426 53.8972843885 124.953709744 82.159410957 77.6324572018 140.003707401 113.71011732 51.2463029418 159.379324156 106.587960326 70.0580546914 153.070518693 36.0659895312 47.0570081912 75.4360608966 118.487172082 64.8026677161 167.639636753 189.686031644 140.458429916 204.831965651 117.750832918 83.8938892101 56.3264100924 126.430647786 54.7893718775 109.719729784 37.8659406656 57.8753112106 91.8921225771 111.527956255 78.5061592959 113.100833063 186.013631936 40.3211632297 35.0151782969 55.5291811266 122.507136527 134.780807204 14.5866379469 97.9887564995 130.488420095 147.805816285 167.686833256 75.4970548385
29.5630643831 49.8669287918 108.855538033 124.177809731 0.0 103.026129949 119.686018132 73.8856597791 159.037850143 98.458006442 24.6344483982 42.7382444015 124.613346785 45.8362680943 74.106013585 62.0387357651 69.394548788 85.7173852475 33.4687421019 7.85076582325 121.907090366 70.8980285879 50.3623562268 77.5539263478 83.2242691474 116.454038299 81.5358773866 42.5399453007 47.7925753602 77.1377240987 102.691939508 92.5761578033 138.472771111 67.5827802769 62.9586154905 178.630913797 75.8363119131 144.487638061 35.9718562541 77.6132597665 142.038561373 74.3770053035 128.647061385 142.855352208 120.593997044 88.4150294699 146.667309483 92.6711226468 55.559248292 81.8017956051 132.284915165 68.5661435741 49.0251926547 85.8591528289 41.7786256018 82.9886091557 70.7631573075 11.6302251954 146.457802851 89.2217749877 39.4263750003 125.933950339 99.9206126404 56.1087490904 72.6597729879 54.4196371667 138.685611427 145.237390283 107.810549197 113.727915914 130.663078037 115.586206879 43.8558135829 160.876808299 48.4336267704 171.643230164 113.348131886 119.595899258 147.319730103 140.00159552 85.2963219048 60.2020906235 88.9168704426 109.350140322 63.4851573566 17.5596550612 62.1218388495 141.16658608 131.689552206 145.252789091 127.358145127 71.7092684281 51.1784917694 109.292402601 137.102344002 112.978717196 45.9934217642 29.5183898286 90.7298981703 80.4209032809
80.9061404729 152.890475886 188.835277499 107.854581712 103.026129949 0.0 16.785399013 85.2879463627 242.184159201 167.33416275 115.78599432 119.757253599 204.727611757 107.018382031 66.9831528591 132.801058378 157.476886824 136.988201871 114.999089671 99.822440639 212.646939857 32.3742421113 143.096240941 66.8020178569 27.7028301221 204.417437365 162.690163505 80.6075405298 115.936145339 176.01362542 170.754122128 56.2552879266 217.251698356 131.585670508 57.3188561556 177.40325835 171.861963161 179.897113211 69.5326516198 29.203340223 130.660124723 177.049551452 142.161406 196.261666818 136.608938804 108.51695303 232.111222465 16.5722765494 158.048815746 62.677138393 192.198801229 70.4951397646 108.854125053 105.809587043 142.2435482 158.136054003 80.7121162428 112.94747064 178.837656459 141.137819217 83.2260546219 187.813409589 129.286535468 159.002720032 148.734182788 80.9597615293 216.651560872 143.614000492 61.3993981941 37.4878525388 193.325539803 150.544042746 128.069685476 247.318589571 75.7519805338 260.526161964 12.2328361517 165.747650259 160.673999885 203.171502133 118.512928148 43.6930534256 79.4501054715 51.6868534055 131.3277878 106.533772429 117.982205079 195.996920421 226.29233624 147.303183297 136.337620002 72.4718657379 57.9065022363 189.144808345 121.415203263 16.8407941049 68.3145654257 131.759088881 189.942333847 132.459066291
97.6433212556 169.55230225 204.667917157 116.061401614 119.686018132 16.785399013 0.0 99.143825794 257.958840625 182.63574839 132.543856639 134.814180877 220.465692759 123.126027286 80.8259604863 148.742552721 172.60061345 151.605192715 131.606062775 116.313491646 229.020945644 49.1547700765 158.784544807 80.1869710011 41.1378673915 220.659086776 177.098836984 95.4585916422 130.493086591 192.776942337 185.953733389 67.1535653668 232.819465793 147.188959656 70.9584328031 184.796865837 188.558576742 191.968725039 86.3143983854 44.2578998521 138.279120301 193.787974315 152.791555476 209.880592234 147.774811485 121.551761675 248.089667337 31.338629953 174.795372148 75.4850754341 206.468062392 84.9420626541 124.84349243 118.993495395 159.027700066 173.950824795 94.8575397713 129.691042591 190.59627124 155.693448275 98.2713253385 202.308526661 142.237545021 175.709398522 164.711576354 96.530936394 232.162199341 152.122044645 69.0087716434 41.2773146756 207.817578216 163.315107168 143.391794423 263.317131697 90.1926246849 276.663172707 8.02803394754 179.222171179 170.622388751 217.593503981 132.29637621 59.9907459548 91.3441826156 58.2608253514 147.147547718 123.31152333 133.472207012 209.754108557 242.845051256 156.191167591 146.63013829 86.5373232562 73.4081699721 204.967079058 128.841718409 18.073773628 83.4761811657 148.276311186 206.704918471 147.260495956
46.910196212 110.136466886 110.285343548 50.3230890183 73.8856597791 85.2879463627 99.143825794 0.0 162.40218513 85.7629633746 65.5013946998 114.480575157 125.163746859 39.4849248441 18.3421824731 58.1039101503 143.107631784 53.0470471077 57.0647488539 77.9488806548 139.338432008 63.5478805286 123.82817904 19.1643733265 86.7236722213 129.543869152 155.395902567 92.6920659069 117.143628639 116.049736478 88.6255515882 36.4521375648 136.456151462 53.4521122675 92.0795095643 110.635894739 108.391551533 96.3386708437 50.2502932812 80.2548610982 69.4099766888 127.070527411 64.4712248293 110.975132513 57.2105614155 24.3445373463 153.968681676 68.7376086102 109.867403612 24.5865297066 107.352865925 15.5357941057 38.8070347624 21.3452608051 91.8200141592 80.4072035058 5.24969341161 75.2364860057 95.9907514795 56.9811138584 92.0469109259 103.343835999 44.7271521034 113.161745457 73.1591159028 19.8387312597 135.546954733 75.434452885 46.9224654149 68.7450706488 108.841002207 66.0198432468 117.323205693 169.142386303 94.034085797 183.429155381 97.3329204071 80.4801892813 84.3477449754 118.549628764 33.231530813 69.0707716832 17.6003424399 54.6224160116 55.3672984931 61.9806359375 40.056791962 110.736279948 155.73373054 76.812906346 60.6716907132 12.8741613924 78.3562149365 110.504597237 63.610701884 83.2956990035 84.5401740456 98.4254470924 128.803576238 49.2413673741
165.849391581 128.955728935 53.3726057608 180.671561445 159.037850143 242.184159201 257.958840625 162.40218513 0.0 76.7066917417 135.894535522 186.113490409 37.5061340212 135.445222748 179.512855377 109.459358899 179.091518824 110.328079967 131.658616938 166.527582289 41.7435645125 212.599447311 167.772745851 181.191334452 232.715008234 43.2816421107 194.152982647 201.56756397 194.736811632 91.4250393565 74.1635432021 198.798508255 26.3359907629 110.828076721 220.117577057 173.286801492 87.1089058786 110.297431542 178.059784601 226.009868463 177.300581956 111.198078048 144.462645408 77.6953359859 141.92368852 146.273786146 13.5490905888 226.62195425 118.794629654 186.876990809 68.3884199547 174.322850619 133.410787896 147.603415751 121.384560757 84.0485209357 165.544707486 147.726036859 115.303681531 106.946708795 198.395904843 67.7970801371 130.266921064 122.491204977 93.647768051 161.437745319 27.6509571527 165.44229491 207.324320829 231.147159224 63.806599855 116.754572345 179.314377841 11.6953970481 207.438898011 25.9086509506 254.352611679 98.0914345287 144.955739892 58.5958588041 132.777849178 208.909971952 176.347863226 216.402959325 110.856562894 145.435523957 124.636881841 75.2907456532 46.6670546688 160.559277895 150.546693018 173.616757357 206.383856427 53.0525664496 181.60250407 244.031786755 203.916500195 147.039475619 83.6928503484 113.387417705
95.9701357786 91.3512258282 26.8811859972 107.845011896 98.458006442 167.33416275 182.63574839 85.7629633746 76.7066917417 0.0 73.8752975611 135.777713301 39.8661804279 63.0508930873 103.126012673 37.9817151498 143.75946924 33.8763243977 65.7253489467 106.292693872 60.5632758018 139.306066978 126.788429065 104.667579864 160.790144258 49.6087835348 159.481788499 139.148210435 143.096510913 67.0908837343 4.23606886775 122.114960706 50.694280755 36.3240948526 152.957250446 120.66757494 56.8932510611 62.7585826114 107.670335162 153.967017921 109.439571185 89.377769529 78.3847818809 47.0484793391 73.3540074882 70.1871330439 69.0610720735 151.358424458 83.405477081 110.295665288 34.493187141 98.1652775569 60.39795197 71.2748344395 74.2173659126 16.5633365557 89.0627798443 89.1317369524 66.9857533437 30.877817437 136.514044793 27.8880969756 56.616293717 88.3004594221 26.020543479 86.4199005414 49.8182612437 101.102887112 130.732279579 154.49586396 32.2915586722 49.999654866 132.063408756 84.0041949176 144.040271904 98.7241134963 179.564278625 37.3772928328 86.7891500434 41.5472771202 56.541262741 137.811007338 99.7149838604 139.706874977 38.0111922143 81.6728080923 49.4469066904 44.8007545686 79.0012396134 97.3649918067 82.8954553248 97.2283669292 138.392712545 26.9368567148 111.612089779 168.046717838 138.329861395 99.145262124 72.5954656197 36.6829172322
34.9448184919 44.8161685079 84.7561748235 113.776323548 24.6344483982 115.78599432 132.543856639 65.5013946998 135.894535522 73.8752975611 0.0 63.9805630813 100.691997414 28.5958235821 71.8080562825 38.1646227152 82.3973438957 63.7470310165 10.9740689554 32.4848938628 100.420367596 83.5974296791 63.0507192203 75.0852758936 100.148620611 94.0108992318 96.6464177548 66.4858385433 70.4075834372 60.2374253169 78.1109892966 92.6894469032 114.502315281 44.551073951 84.3269114533 161.481437471 56.4582601766 122.356818192 46.3791939266 93.8566585797 128.895561472 64.4363858357 111.140735618 118.741599947 103.160089817 73.8182775372 123.89908635 102.949402136 45.9206086494 80.3886728005 107.851153327 65.5495787048 31.0662221297 71.7769491995 28.1177340193 58.3556956772 63.9863801551 15.9066563007 124.708380456 66.872170892 63.5633925173 101.449469826 81.4065750275 48.5460746938 48.0300993035 49.0328251018 114.623362146 129.777407431 107.080847765 119.015985299 106.118453881 94.7083188083 62.4131907857 138.45710392 71.9900773356 149.959306845 127.123481369 96.7331788894 128.762935013 115.406657805 67.6519992525 76.1221920219 82.5912091997 111.050282795 40.03259985 9.79016603109 41.9881919229 116.966435932 111.967627386 129.031033711 110.901320447 67.7322822842 70.9825789586 85.1825576948 125.31346979 122.950851285 68.022438509 34.8353853369 74.1633991849 58.7516670298
67.7150158431 58.6931271197 140.859906585 164.629017992 42.7382444015 119.757253599 134.814180877 114.480575157 186.113490409 135.777713301 63.9805630813 0.0 155.404246259 88.4974248707 111.227847708 102.015008477 37.788109712 127.470502577 74.4353795785 36.924858559 145.638657446 91.8452571343 27.0165020271 114.573736226 93.8586354802 142.874549921 44.2463974813 39.3816484272 8.90605891323 95.902145929 139.968897885 126.593034688 169.11229797 108.521885198 64.9253731266 221.237505418 99.0163802622 186.223365439 68.1971873324 90.6913125027 183.580585201 82.3996530385 171.34850491 181.914053977 163.297536612 130.801025663 172.884974263 114.591680547 68.5523499579 117.768415378 170.238912974 106.542352799 91.6455715617 128.153949985 65.3987405519 119.436678831 110.732504148 48.0852004488 188.433731272 130.741263209 36.5593762036 163.663370234 142.647285115 65.8961853292 109.831787809 94.6470451603 169.726019644 187.543725147 141.789432863 140.890456242 167.949037803 157.912919955 9.75383723559 185.652767593 45.0455352419 194.050796305 127.229525533 160.713565845 190.057925574 176.713152688 128.034441344 77.4758006534 127.904269334 140.876139596 104.002795774 59.5987970953 104.47577432 179.97754804 150.839390482 187.738870652 169.929674813 110.083742872 61.9491343034 141.327813287 178.090431622 133.580313216 51.4452840222 39.1625262072 107.015841512 122.319246062
129.133919315 101.296092838 16.2045052986 146.494070109 124.613346785 204.727611757 220.465692759 125.163746859 37.5061340212 39.8661804279 100.691997414 155.404246259 0.0 98.1485888967 142.110469732 72.1130932184 153.930254912 73.7388224002 95.4698572184 132.307940175 29.9874168024 175.345021493 140.136273091 143.847460722 195.758012051 21.209626783 169.566180762 167.048983448 163.691715643 66.181178277 37.867130091 161.603295758 13.8756747957 73.3219433344 184.325590522 148.780264757 58.8984671592 85.7435559362 141.292723134 189.016465656 145.657654468 88.8900261787 113.265901493 56.5407030945 109.55817338 110.012433385 29.2280842703 189.127666476 91.4403109469 149.566768229 43.0677163977 136.866513009 96.0345480306 111.137823045 90.0125977122 46.6263528667 128.190618685 113.680153376 90.7401035351 70.6316799575 164.015717798 39.3653322614 95.3839484308 95.806513951 56.4422506225 123.939155075 14.32333885 135.359092766 170.546331912 193.88410436 37.7778798543 84.6387430281 149.594007036 44.1448065262 172.666804186 58.8875993634 216.906691573 67.3687997091 117.298773488 38.4715006255 96.3861129064 172.086883978 139.51349089 179.396915597 73.4101341205 109.955960544 87.1339840027 53.6646963735 47.3883412762 130.939012828 118.722619057 136.2186381 170.310343106 15.8310402131 148.926080372 206.53597998 168.485901845 116.358912713 63.5479183759 76.4249751206
33.333448826 71.7111754264 82.0843865763 85.6729060733 45.8362680943 107.018382031 123.126027286 39.4849248441 135.445222748 63.0508930873 28.5958235821 88.4974248707 98.1485888967 0.0 50.3337608675 26.0502939142 110.618008428 41.4353990759 18.4648426267 52.5436589997 106.249448716 77.1977226407 91.1788890196 53.1413444511 97.9950399394 97.5879263716 124.471133207 80.0357074279 93.5559702667 77.1827606419 66.9666334241 71.7836887731 111.102687595 26.97772166 90.6000006985 133.689759788 70.1993575325 99.5410950191 44.6983853584 91.1973182575 100.305007576 87.6037724404 83.4223734064 101.999839652 75.3828758955 45.2229833935 125.117623967 91.9288618813 70.6548732912 58.9561221074 93.5663146962 44.1027600653 3.30257459187 43.1986054658 52.7240465684 51.5747594372 39.322822362 42.1729231333 101.194763457 45.3585638925 77.9743871667 87.8667436312 54.215481461 74.160883926 41.8077697572 28.1091147127 110.692303834 101.38649607 84.7478697706 101.668046033 93.1355730478 69.9863830078 88.6326395183 140.311792716 83.9894405298 153.540013386 119.112277102 75.8243313216 101.705600128 103.01864491 39.8284415254 74.788434165 57.0765687253 90.6417693769 25.1739172753 29.163687753 16.9904986381 100.751062614 121.071970892 100.837648698 82.7424922944 45.131318454 75.8788775073 82.4156213984 96.8551488575 110.462080662 77.0244363122 63.3742923643 90.3367724263 35.9537650797
44.7069013085 116.372433051 126.878978149 56.2044946439 74.106013585 66.9831528591 80.8259604863 18.3421824731 179.512855377 103.126012673 71.8080562825 111.227847708 142.110469732 50.3337608675 0.0 72.7875697059 143.0960731 71.0272627227 65.4607840213 76.4324223843 154.63274088 47.0450162784 124.370006697 3.44824388928 70.0184682146 145.208688879 154.069336958 84.0930021297 112.524494197 127.312887684 106.167788856 21.4677369541 153.769637529 69.3131103751 79.0843393696 122.338320393 120.530636496 113.829607419 43.3657047937 63.816787109 78.0569931086 135.758943964 79.3567318892 129.298473257 72.7047002404 41.8501950381 170.632069879 50.421256241 117.620194192 8.69704131704 125.645155028 6.33335655098 50.7224545263 39.0218820727 99.6092946524 96.5206395446 14.1482544573 78.1980943437 113.195668542 75.043498747 84.1024806202 121.553196038 62.5622010332 120.35412827 88.4649132629 23.0189340179 152.93984225 86.8672177957 35.2808116493 52.214449277 127.05711486 83.8808794747 115.508972563 185.85854175 84.2569805912 199.908385353 79.0031501583 98.7645000041 98.9866360274 136.800351449 51.5672074028 54.808247727 18.4423129787 40.3159825613 70.4517843164 66.0060271281 55.4934013984 129.07433052 170.388761472 89.13965797 74.6417851606 5.89898318545 66.5054360493 127.125471324 70.6550164442 65.1903160159 74.2849885234 101.556817276 140.610884667 66.9508079983
58.1767340624 68.7426382895 56.086842551 95.3140270565 62.0387357651 132.801058378 148.742552721 58.1039101503 109.459358899 37.9817151498 38.1646227152 102.015008477 72.1130932184 26.0502939142 72.7875697059 0.0 116.469102962 28.0005314845 28.6095844753 69.7440293052 81.8543706876 103.243654307 97.8650726442 75.0886541098 123.949470641 72.5992489479 131.601937735 101.545718439 108.57027778 61.1535617278 42.0903193041 93.6647486413 85.0583627051 8.37867874756 114.9995603 130.114497637 52.215559668 85.0645562544 70.0593475317 117.167055439 104.847373067 77.2522578625 80.7297681924 80.8190642674 73.2921013553 52.6152598491 99.3471656185 117.447963126 64.0604982257 80.9833216802 70.6090359182 66.9653548573 23.9571057061 52.0209956815 48.8562089185 25.5245937245 59.793820442 54.0424189121 87.7922600252 30.2169851272 99.0300806502 64.446066145 51.1765458939 68.5612911175 15.9863484484 52.5342318319 84.6659069302 101.901043924 105.024695639 124.973086945 69.4305025313 59.4403656943 99.797755672 114.575796067 106.263156461 128.064318336 144.942262181 58.9306212585 96.0597142252 79.0883555973 41.170523383 100.555417274 74.9044644113 112.323964238 3.48730882677 44.6936332877 18.1924741706 79.1577037554 97.7557560212 99.9585360468 82.2748889823 67.0782251494 100.472108796 56.4100152662 103.708579186 135.49290278 100.371645747 69.0007260807 72.6341905017 24.1800294457
98.4004737225 53.2230299435 141.672672873 193.269640046 69.394548788 157.476886824 172.60061345 143.107631784 179.091518824 143.75946924 82.3973438957 37.788109712 153.930254912 110.618008428 143.0960731 116.469102962 0.0 144.173849527 93.2964019759 66.7234284148 137.35354144 128.953131741 19.4676824946 146.531626449 131.639157216 137.471704948 15.8035014175 77.1659204573 43.0926984194 88.3710886935 147.649004774 160.391050763 166.762375659 124.27332875 102.539762987 243.857763747 95.0394134663 201.121718505 101.77498879 128.456004187 210.237193556 68.0765483367 193.521651582 190.784418297 185.551407307 155.561567031 165.542711793 151.791836973 62.6482726214 150.428577688 177.599556899 137.762497792 113.315575261 153.286538523 69.6958235211 127.312125553 140.129889957 68.7811165583 204.100159323 146.669810522 74.335225417 170.916294704 163.71283472 58.1479805084 119.474157977 123.792337566 167.811923759 212.004047519 175.702620484 177.270890809 174.341485634 175.655267865 29.6148185403 176.280538169 82.7278392942 182.029955667 165.01634009 174.536236869 210.892068619 181.904784736 150.047321699 114.836747426 158.307148278 175.876621057 119.250376433 82.2425178968 124.202383346 188.461248881 137.889434695 211.38851138 193.266009356 141.001108348 99.5998139015 142.145917618 205.84355697 171.058481388 89.1922398937 47.8805823418 95.5610312583 139.667772857
73.819151453 96.6396121566 60.1827586086 75.7312017106 85.7173852475 136.988201871 151.605192715 53.0470471077 110.328079967 33.8763243977 63.7470310165 127.470502577 73.7388224002 41.4353990759 71.0272627227 28.0005314845 144.173849527 0.0 53.055248819 92.9705227466 92.484628071 111.17868243 125.360104932 72.1925094902 133.695842184 81.8257308939 159.147211709 121.446705466 133.354529466 84.7844636133 36.164540296 88.9820406409 84.1088796462 19.9166239037 130.558886111 102.443548183 74.9078650912 58.7980394658 84.0764235441 126.889063295 80.9565491109 103.335038685 53.8603219796 61.7490704274 46.9235583366 36.3547703865 102.936918305 120.645039049 91.5098857876 77.6078426179 55.4840977452 66.6651018036 38.1530355487 37.3990936477 76.8217712239 34.3532550461 56.8844049859 79.4917653667 60.9802608737 4.25973235129 119.409320939 50.8388347786 25.9560110425 96.1284963651 32.7918658506 57.5183372333 83.0566834368 75.8736847895 96.9965759387 121.429483536 56.3491706127 31.5015086051 126.149906537 117.867026523 125.265752405 132.599241822 149.18719755 34.3891882736 68.2103990343 66.2279291553 22.6866288293 112.125284447 66.041397264 106.188141137 24.9860192109 68.216007064 24.468626355 60.8590620052 110.377620956 73.3713351942 56.3361952852 65.1979041955 115.775728645 60.3081854759 81.4503544975 136.215737255 117.930311671 96.4664973411 94.3427663339 5.49341869618
34.8100094158 53.3404218001 79.3113142051 104.130603509 33.4687421019 114.999089671 131.606062775 57.0647488539 131.658616938 65.7253489467 10.9740689554 74.4353795785 95.4698572184 18.4648426267 65.4607840213 28.6095844753 93.2964019759 53.055248819 0.0 41.140469736 98.3342707696 83.3974155199 73.9831202943 68.5759364485 101.762815691 90.9708965574 107.60917787 73.4459394927 80.5293301935 62.7316331954 69.9331559644 86.7789382336 109.098817867 34.249672068 88.8924252523 150.562435701 57.2683282188 111.78798598 46.9928114466 95.2136352009 118.56532621 70.4603040905 100.22527425 109.421048859 92.2579386176 63.4474323611 120.205765637 101.175881439 52.8394963345 74.150814187 99.0962839757 59.1283638125 20.5691451399 61.539000311 34.7676927488 51.0583650306 56.1715155087 26.4456883688 114.034670631 56.3091400405 70.7889764576 92.838423401 70.4536979532 56.1003058165 40.546552398 42.443807201 109.039953237 119.058564841 100.616154006 114.785893292 97.7000080147 83.8425513553 73.2338949372 135.081460011 78.4706556293 147.291001312 126.705631944 86.4280652023 117.791556925 107.208624825 56.7969021533 77.7336265341 74.4997589193 105.465365996 30.0273109344 16.0911255367 31.0148276578 107.767205731 111.325278684 118.218456463 100.085981597 60.8588462673 74.8463169328 79.7105662097 115.279586351 120.738048933 73.3569687655 45.5939298426 76.4371095931 47.970979545
31.8375170895 53.8648125295 116.59630316 128.243595778 7.85076582325 99.822440639 116.313491646 77.9488806548 166.527582289 106.292693872 32.4848938628 36.924858559 132.307940175 52.5436589997 76.4324223843 69.7440293052 66.7234284148 92.9705227466 41.140469736 0.0 129.025171442 68.1591732162 48.3791190051 79.8593040981 78.6228742679 123.809680296 77.8233103076 35.0809440668 41.1222804003 83.3853587564 110.52592289 93.8281698117 146.174118843 75.115319404 56.6567218485 184.398848986 82.6417594548 151.671082685 35.6381330305 73.3543788357 146.786071431 78.9738993733 134.644535928 150.560804116 126.60274304 93.8954986375 154.070861355 90.4867860774 60.5056625293 83.7052029828 140.07725396 71.2362871765 55.7907819625 91.2349964864 48.054076828 90.8393712977 74.4518427016 18.8081278151 153.538354434 96.5505295178 31.86933857 133.740517639 106.298252702 60.5253629509 80.5080733221 58.1904220374 146.408656817 150.620271812 109.136289142 113.041764057 138.485614939 122.496137948 39.4391331856 168.181595772 41.1586244771 178.748754548 109.686097706 126.995283239 153.544871649 147.83817043 91.5527215424 56.3858686325 92.1607447283 109.887536794 71.1093803855 25.1030452935 69.1185590405 148.895344507 138.34862195 150.846103117 133.079957437 74.5850782387 45.7985036349 117.035298875 141.489353222 110.688708582 39.5722349538 31.969461972 96.7847458461 87.625808839
133.143215506 87.7469976454 34.2068578766 167.938597831 121.907090366 212.646939857 229.020945644 139.338432008 41.7435645125 60.5632758018 100.420367596 145.638657446 29.9874168024 106.249448716 154.63274088 81.8543706876 137.35354144 92.484628071 98.3342707696 129.025171442 0.0 181.552304928 126.339149641 156.880314556 199.99318469 11.0009241312 152.412835433 164.034688225 154.383090515 50.0744485042 60.3148587201 175.370753155 36.1589724751 85.8940199092 184.386777995 177.098024725 47.0303573364 114.700596656 145.305969036 193.499670254 169.940429623 69.4692922588 138.441813082 86.4461420047 133.78522848 128.303832049 28.1951333254 198.006282545 77.6002384811 162.76501289 72.7006613122 148.816192008 104.934028718 128.830178792 82.0844562002 59.3956067188 141.45143665 110.327495713 119.623352539 90.3197697186 160.721374098 68.3960253282 116.899027413 81.0912514594 66.2454736237 134.003023341 38.0277569416 161.016648253 186.083962632 206.827131664 67.4355388504 109.743376092 138.444870008 40.014345071 170.183683254 49.7361398306 224.560882233 94.1153669422 144.633738885 68.4259262505 114.743062522 175.92590434 155.328936643 193.896407885 84.2200894223 110.201337053 99.3974683782 83.5610923623 18.6007345786 156.970781295 143.266252682 148.89837531 171.364269549 34.2837328719 172.160897784 216.711508093 167.686624101 106.872274568 41.9896862055 93.700574551
48.874838027 120.713964397 159.26245563 99.3394885872 70.8980285879 32.3742421113 49.1547700765 63.5478805286 212.599447311 139.306066978 83.5974296791 91.8452571343 175.345021493 77.1977226407 47.0450162784 103.243654307 128.953131741 111.17868243 83.3974155199 68.1591732162 181.552304928 0.0 113.289194696 48.4303020744 23.1779090424 173.697822622 135.843341345 54.4925008916 89.4375820225 143.777126849 142.971951835 47.4595764836 188.264163209 103.047571792 37.8471237887 167.965971871 139.863612941 159.837601438 37.2431540649 16.7818314908 122.241089122 144.722098801 126.394290335 172.262623751 119.729831286 87.889951488 202.029491588 22.8584057447 125.710261179 46.8334569238 166.63195867 48.0337830458 79.4030314434 84.8910882863 109.875219157 128.764037944 58.3802937305 80.6211875745 159.538565978 115.427539884 56.360149666 161.71641497 108.13226958 126.734276262 118.955808184 53.6753343736 187.81187902 132.702913611 59.6561546858 49.9321911307 167.191359695 129.316390962 99.3383230887 217.155705231 51.2730161205 229.98961636 43.5269240951 142.477002286 145.97777533 177.13787719 95.4419257155 14.8021024875 64.0507081145 54.4557262166 102.149442143 74.2493155004 89.971404439 171.662282551 194.687998923 135.411213655 121.568193847 51.1333623469 31.1780872426 159.598501306 113.864365889 42.6758341625 41.9424271608 99.9336815646 157.705913549 106.21380508
79.678863987 39.0078983329 126.934653571 173.921604637 50.3623562268 143.096240941 158.784544807 123.82817904 167.772745851 126.788429065 63.0507192203 27.0165020271 140.136273091 91.1788890196 124.370006697 97.8650726442 19.4676824946 125.360104932 73.9831202943 48.3791190051 126.339149641 113.289194696 0.0 127.814553325 118.387020096 125.15515458 33.7914788443 64.4603137209 35.055463878 76.3496008115 130.786290011 142.198078688 153.395171011 105.509236726 90.4794392505 224.53203491 81.5696200438 182.799025922 83.8929071409 114.540365048 190.777694383 59.1615931168 174.191175898 173.816810994 166.207053431 136.095210162 154.293825619 136.123226598 49.1074233148 131.888386117 160.991866432 118.907600554 93.8993664338 133.818933412 52.6309224845 110.24090061 120.950373751 49.3153053037 185.641031049 127.987427272 61.2464191787 154.306919793 144.433463134 45.2819870863 101.884049519 104.631939621 154.27951706 192.56023116 157.502586926 160.521932238 157.997870504 156.787689075 17.2635321555 166.041470889 70.6372051599 173.134370347 151.453015738 156.34558427 191.70008003 165.960161076 130.675945092 99.7161380487 139.231528128 158.176198397 100.534792732 62.780695966 104.948509355 171.588687859 129.219119334 191.978309113 173.861167491 122.070889972 85.3769499764 127.409897959 186.425752683 155.830777743 75.5635443342 28.8951470335 85.6279666143 120.74320798
48.1477022394 119.697712366 128.739916633 53.4703400982 77.5539263478 66.8020178569 80.1869710011 19.1643733265 181.191334452 104.667579864 75.0852758936 114.573736226 143.847460722 53.1413444511 3.44824388928 75.0886541098 146.531626449 72.1925094902 68.5759364485 79.8593040981 156.880314556 48.4303020744 127.814553325 0.0 71.1995688708 147.357853116 157.472616611 87.061466933 115.79557146 130.230994825 107.621148754 18.7019995647 155.351264656 71.3326983866 81.3788812807 120.229241333 123.330714798 113.433355682 46.6250948073 65.1414813414 75.565974977 138.936683777 78.0702817031 129.71668608 71.619414831 41.7216191122 172.484096264 50.234497762 120.855883097 5.89983248732 126.43754555 9.53575007524 53.3976368834 39.0099682812 102.827621327 98.5114776278 15.6593773515 81.61891162 112.64856008 76.1419783929 87.1409380023 122.489426965 62.4909056338 123.628016775 90.6573701504 26.17501807 154.482789982 84.7914945962 32.0630343709 50.1475104146 127.983297875 83.7695833068 118.908576312 187.694971847 87.0809348459 201.831206487 78.7009565385 99.0950308779 97.5734177012 137.671834967 52.1229880197 56.9051274448 16.0209007786 37.5466610054 72.6615267766 69.3828882923 57.5768396649 129.56881048 172.788435493 87.2263673357 73.1423637274 8.06756860955 69.0646249808 128.977116838 67.9811517998 64.1480911172 77.0694682703 104.984531867 143.469988374 68.2903658873
67.033821345 132.485420328 179.582902298 120.507339682 83.2242691474 27.7028301221 41.1378673915 86.7236722213 232.715008234 160.790144258 100.148620611 93.8586354802 195.758012051 97.9950399394 70.0184682146 123.949470641 131.639157216 133.695842184 101.762815691 78.6228742679 199.99318469 23.1779090424 118.387020096 71.1995688708 0.0 192.722112334 135.961872891 54.4774727476 89.3670140122 159.348922705 164.569980125 67.6715724005 208.940127238 124.467021358 29.9048536383 189.748622419 156.51644982 183.013329733 54.8042715923 6.8331930936 143.556763948 157.470433353 149.267783919 195.042588456 142.718480676 111.064033923 221.696504845 31.3560529939 138.76057433 69.0766064822 189.035360084 71.2043503665 100.463529726 108.067738353 124.40952651 149.41948834 81.5581997203 94.1683222958 182.713581995 137.953984837 57.4071397905 183.961616949 131.303072288 139.074219849 139.337770068 76.2205600677 208.596636611 154.71105962 77.6726900979 60.4475378121 189.408750582 152.471935406 102.614331827 236.689434913 49.0740951814 249.051679567 33.4074826202 165.431952152 168.749520197 199.365117143 118.51879475 24.0735246667 86.5030598864 70.258724911 123.156433893 90.4195364709 111.791822349 194.373554412 212.111101754 157.647352191 144.284782079 74.2656919673 33.456344728 179.940302221 134.872028625 43.9826564823 42.8243399338 110.338266208 173.18210364 128.624304925
125.70562364 86.1811694806 23.2147787698 157.133890562 116.454038299 204.417437365 220.659086776 129.543869152 43.2816421107 49.6087835348 94.0108992318 142.874549921 21.209626783 97.5879263716 145.208688879 72.5992489479 137.471704948 81.8257308939 90.9708965574 123.809680296 11.0009241312 173.697822622 125.15515458 147.357853116 192.722112334 0.0 152.851248545 158.890325111 151.475791773 49.126126508 49.3151025749 165.743481644 30.6241771251 76.117862811 178.313033938 166.380411088 43.9386351038 104.241971676 137.924978711 186.143922725 158.952344263 70.5848863981 127.442062346 76.7816013577 122.791345104 117.810902802 30.3341027833 189.509996513 76.0509543056 153.223888826 62.7565234252 139.494801564 96.0761248632 118.421897906 78.1210255063 49.2503020291 131.839081094 105.007716226 109.12833162 79.5551861732 155.658965704 58.1225499191 106.034507935 79.9839985148 56.7561575951 125.040475199 32.1502057403 150.022063953 176.139951567 197.422488532 57.5433284493 98.7470698785 136.202576933 44.4723351657 164.883820348 56.3419389498 216.419494101 83.228465275 133.762275126 59.4049039855 104.206372956 168.703875729 145.279919207 184.158577455 74.768970168 103.71738959 89.7850512934 73.8880728358 29.5856038615 145.988837402 132.268355189 139.425485125 164.94508005 23.3004842571 161.219565196 207.938085196 161.831499312 103.774072008 43.9513370769 83.2270275564
