noneuclidean
100
-73.3518340151 88.1847984526
75.5877459981 -2.53004018712
77.3500734546 -69.1675063635
97.6948545817 -48.4341182624
-49.0228125157 -40.0398982543
-59.7419830006 -89.2728818567
42.3403535985 -5.04032769807
66.5323848204 60.3022497491
-53.3204760585 -48.0466008373
15.2252102938 64.1325314332
-67.4962485864 87.0167261827
98.7983766662 -91.6830969236
-75.554610615 -8.86056535076
97.0878906624 48.6107596744
80.1542458516 26.425857446
88.2420757903 -85.9902915535
49.7280533672 15.6653083102
84.9672287435 -58.266614804
97.3707928269 38.0310126386
-50.7158275276 59.8860402583
36.8272947519 -78.1679198718
-39.1870573873 24.8185880095
63.5232845479 11.8683305021
-66.6818385742 -93.6034864182
-4.89505998121 3.99511177354
76.9848527537 -99.048037579
-60.7422142103 77.3293694607
-84.9305673722 -63.7066542566
-26.3057120441 -4.75882292145
86.0334481424 11.237632609
21.9510304868 56.4889402118
-88.6043352721 -99.3844627954
32.838712535 9.4693157462
-46.609607656 -22.9555401731
-28.0197432643 -25.5653508769
88.9029228485 51.5280776199
-60.177251037 -34.236788362
61.6321867638 42.0849456404
-95.7794939595 2.87344654192
99.3521702771 -37.2143482321
58.1013159572 74.3606317146
-27.3602655548 -68.5316255011
-15.1440107118 -41.2733234327
24.4715081034 -50.2867737303
-17.9477894485 -28.3324045345
-96.4999400156 -90.1156639541
30.0465050756 -45.8886052103
95.1607683266 10.7994718819
-80.7260728508 25.1799257425
22.2949907431 45.3307521294
84.0569632352 2.51041507449
-44.4486694445 52.7148828952
57.8281771497 77.7853311229
25.4847428199 -14.2483764216
0.434836376319 4.57555497808
23.4469154157 36.035108638
88.1661081972 -77.116556523
-60.5868485263 49.2721221133
50.3867069067 -69.8079320382
99.5736273033 68.2446633001
-35.3972229574 -56.2085227685
-50.53899654 67.8055661022
-73.4270690239 72.3396831038
0.627744251859 92.5623791587
-75.8001821893 62.7002450731
-33.5225655582 -67.2473296868
89.8759313517 72.4235379998
92.0129872595 26.657847372
3.35307631605 -16.8837468005
-32.8593923642 47.1624596182
-65.2270862045 64.4550406822
4.70996094721 -16.3975223655
-63.9348545653 -0.818186949544
93.9171084365 -50.885779372
-11.3548184338 1.30567756276
44.8973791377 -31.4133922552
-58.933891511 -92.2106377071
75.9540446293 50.8442919292
-90.714222513 -27.4066195887
74.7804095847 8.81274080336
84.1951279517 -52.8682755893
-57.830715389 -66.3253173329
48.3940376233 -75.3107524275
40.2340247055 -27.1803250412
-4.94804534709 37.3215444291
-32.7755857607 -76.3247509617
-85.6650463659 93.7921141209
-18.4157894296 -67.4208690284
-75.1317383148 23.0796699785
-62.3822341116 -70.5360246109
2.59645384228 -91.0803738306
-37.6566200362 -11.9166236941
-8.14099003023 67.0308640572
85.6567113448 -53.3326440336
7.42778567232 -92.6902907459
-52.3600121039 96.599116411
35.9982372786 -3.18801952163
76.600400307 -61.4277214999
48.6971865816 48.2669466112
-43.0783960657 -11.9816826444
0.0 72.8384713997 71.658454748 118.074092667 73.5628728005 63.6211125927 56.1567377919 111.22454953 82.0900692742 77.6341053343 103.558165032 99.8739694198 109.94826514 99.5567127419 110.698106692 147.142967835 107.893930177 78.9035462508 57.6396808581 129.733769708 123.793107883 82.9430566225 125.00739074 93.529346927 149.884499451 134.813951083 102.803570742 149.817888869 111.331219576 147.148599597 148.732732814 138.770733102 92.3679951661 101.4666677 80.3606358299 101.842877492 129.235619409 105.274591465 145.817796753 87.7269327222 56.9924170457 103.223596884 64.989160345 148.72041217 145.64464851 54.3631382373 142.388578682 81.4912708474 59.3020885366 67.2927559178 52.5572201179 145.334472945 102.128864071 134.157126582 95.9905708171 134.374831707 117.874494005 123.811097276 75.0105411572 78.6715779211 78.1703261978 114.061961603 108.791382228 116.417363048 65.7378513667 148.478906982 94.6039817854 80.6330976537 117.338935241 126.024599522 121.339098118 97.3307059421 130.161545799 98.9834619968 97.5285480202 58.7091977689 53.0952440245 55.015235554 108.440598372 95.1737494445 140.254175706 81.2351782687 59.6420880354 128.270282771 87.0773668837 100.960367527 126.201871418 79.1318299982 56.6605958915 105.185211538 130.684475208 72.4760496492 116.075936556 70.8921956271 53.7840899719 73.5913602349 52.7431904083 144.379838044 104.250444339 131.591349914
72.8384713997 0.0 111.069738169 120.136551941 107.766608913 137.628713943 139.672177043 70.0569060217 89.2717197466 88.0092974027 98.914067284 65.7768123204 51.6434603726 74.1793084378 118.95531028 88.438534987 110.826103678 142.65988229 111.812441983 146.477154891 70.0895765663 51.0861240009 108.928937576 51.2711553977 101.032923407 119.276681088 125.096717988 96.6916383297 126.926859457 59.9966748495 113.001877318 98.9812563944 52.4720199271 75.0278853424 65.412850838 65.521918327 58.3665577927 91.9782782242 88.4814881532 97.7244053959 75.0292201663 102.985002327 140.938495083 105.634019793 124.821380279 124.273514985 110.014180453 141.378874827 87.3439476028 104.202571782 94.6740538322 75.537722768 78.8333278612 86.9438929463 128.843765572 97.6105153754 78.8297314594 124.687728062 125.046348202 147.748242848 64.4024375595 75.9949128161 70.2416418676 103.273888111 120.452014794 76.7028571147 96.2756061203 54.1673454355 133.664109003 129.065724024 65.6966000389 51.279848894 56.0823887513 78.2361987248 107.675378433 54.2573817999 58.0942801468 122.805555971 141.407957849 140.481167394 81.5884993361 51.7183942527 145.008377968 97.5913638049 139.901725893 78.0687492187 63.4956696338 122.357395717 64.543742361 116.952987882 142.605840042 132.908155264 89.9687581129 98.6848774652 83.8132663818 110.323150749 61.9909994314 96.5506801828 93.0222453082 127.011665116
71.658454748 111.069738169 0.0 119.578596669 64.8761132116 64.3437550663 93.9437563889 59.2271840814 103.580062058 104.526092298 98.5571444978 57.8654624235 106.031308866 94.1447442545 66.583991485 122.630716873 130.412211423 84.9142041101 110.47278133 55.0618532942 73.86136478 102.102095047 102.778958811 77.1575570942 74.0958719697 50.9450348914 81.3597863085 106.130271106 73.3514720869 110.024618596 97.1889349964 120.961815503 147.355862851 95.9816004761 149.34648598 149.002716632 106.533401797 76.7699254219 130.136396621 121.269492692 56.5015471537 78.0398616848 64.6337744609 146.054742652 136.641030118 123.370697824 89.111200038 133.395038936 76.4886178497 122.622195173 63.1791090447 71.974904166 109.073260332 87.5608323658 55.9195991598 137.393652405 79.8698625792 102.078993631 130.501446323 148.364566559 132.591062397 84.4346139386 93.4061377729 129.207252566 90.2344845342 147.787787652 57.1070543364 117.612455015 69.9373188515 138.983547681 66.0029339275 59.2083120198 74.7050195423 119.66753095 112.931757242 57.7756803769 93.9966047313 82.6421019929 143.600854774 90.824162842 139.752506758 54.7333650251 113.095138378 107.3945471 101.909138668 139.160757681 61.0519307667 99.4056105376 136.66367493 129.429463813 144.856100471 120.777722535 97.3092650878 131.707606396 106.487348999 85.1868436495 62.6346227478 89.5499921546 95.3480503306 97.690275885
118.074092667 120.136551941 119.578596669 0.0 50.7366759432 145.927954491 147.474591268 63.6370666265 86.6317566842 63.2692211952 77.8867243821 80.1727090435 70.1197630982 63.3221471083 142.15604366 79.2233969895 74.4649239418 140.208678708 74.047268657 80.4633496019 94.2037375063 141.807101736 88.2585304587 148.855503256 126.052591614 66.4961265366 73.9962185608 106.671564671 62.9229118455 139.750107933 68.5541397324 114.863195666 130.14959725 127.811659798 128.548938299 111.164186443 140.547880573 79.7480263003 132.664953095 115.375840842 109.205791707 128.999189212 121.694267748 62.4319184395 130.958574319 133.106304043 55.5928488207 141.658958349 106.779512574 83.6304699376 76.9268587719 97.9237617425 77.0484414418 98.0335294411 83.1395796765 119.74182195 114.59787401 79.9097443479 142.70103877 130.250300297 148.86084776 130.154102481 127.475556653 93.4438621878 99.0302182397 56.031134654 102.674273111 125.287455033 127.677366336 70.4264395295 113.447029911 103.090413499 53.8486950923 88.3521843123 77.6607536734 76.3779114067 69.1212856171 129.909185503 123.363422272 92.3161118949 109.077932928 123.689355677 136.92781559 54.8540011187 90.1227661292 122.105923899 117.267221002 94.9082452999 80.2870656541 143.140177401 98.8455334212 64.5031347655 129.13964787 141.704324078 145.09196026 133.390326304 140.051629658 132.95669232 85.5738798286 65.7086869325
73.5628728005 107.766608913 64.8761132116 50.7366759432 0.0 101.055163742 85.2607457205 90.6198268063 87.6611367965 141.435274137 50.1595715582 52.7499851841 83.0867881596 88.9067875987 66.1653597117 143.208075702 122.787279962 83.1494798086 127.221164111 110.70585685 69.0654295427 113.422522181 135.407315388 109.158783575 123.643518156 97.0768117223 61.2836565821 129.920916325 94.0979740878 72.7364612925 61.6285644037 65.4230021583 55.5234858246 63.4586266329 147.550507189 70.8517466578 66.6170340398 88.7238118539 90.3094426 115.289781576 144.066611224 67.1263817394 126.827796604 125.804653153 67.3139680012 131.140825069 114.087427487 58.956580334 127.340115905 91.2108296454 90.6218297646 126.966196568 111.855575722 75.3802093469 138.05713305 57.4295413439 63.2407014558 127.650235269 68.4973929812 87.9800522227 109.90531789 148.82733578 62.9458600704 85.2712606547 85.2458317815 101.242117259 80.8870050212 110.792727543 123.552137988 89.4526230299 98.5903153403 98.6798223153 51.6210339998 55.5235135152 107.586238644 52.8523074158 139.203855494 147.738684997 103.402207431 78.689020997 107.024521247 115.904701817 96.4664245381 56.7634569574 73.8851898513 138.370795493 81.4574275546 66.9093252305 131.000672964 84.3470982353 74.2550456542 71.7128686673 125.306727006 60.3991707944 97.0050960383 124.477549319 137.36030584 115.568451135 55.3193642522 70.297179205
63.6211125927 137.628713943 64.3437550663 145.927954491 101.055163742 0.0 129.861673683 64.85094059 92.9540579848 119.056373307 98.2799190836 82.1182638853 130.4077188 82.402683118 84.3579222723 58.7205333078 136.851767974 53.4147016029 101.625130603 77.3041158568 52.1050198751 147.67700192 71.3186736241 100.851529061 59.647075048 148.072162269 100.558926351 138.165783529 68.4896396 77.7474154292 80.888662764 56.8691962655 90.535967644 113.027914046 78.2545188114 76.1405541122 147.457314388 135.198810937 135.491324017 109.364223977 82.7941254357 118.570709266 124.059719474 92.9063689369 125.847762068 54.2329413725 97.1755893669 108.045273326 92.945248469 79.8447664409 146.425872462 146.454559298 130.145934329 79.6139732501 52.8222696964 122.376676395 131.703900201 133.850619389 102.384954699 118.855649351 97.9678717502 138.81025119 98.1917953789 73.5731996353 144.426064154 51.6304637989 114.911768123 55.9005318309 137.260066234 94.9231620933 93.6070907908 92.8614856815 114.222941475 57.1877167949 58.4474238234 118.758415473 94.0472018576 108.478638832 112.549028906 53.8259500408 62.1974966415 149.045784641 126.998040721 111.301818019 108.289960809 87.6244459475 65.6356174235 108.466399738 50.1243115996 133.349705682 105.453463836 103.385967533 106.352522705 129.976535734 86.7542370234 51.6192346634 62.4234436614 63.2025689655 101.456872062 131.698605848
56.1567377919 139.672177043 93.9437563889 147.474591268 85.2607457205 129.861673683 0.0 80.9200156581 83.2264806689 56.6168122092 126.531737576 138.774913909 91.3933546482 147.149160772 69.2719670431 103.147904614 69.4568434005 87.9745129108 60.1376058101 110.709916467 51.1092225118 145.779375565 141.335232905 108.91837584 93.3173438379 128.415124644 121.200530628 86.0017341018 79.4169049461 96.5902516789 59.0680019536 101.768891574 50.5319892328 142.249666222 131.470652027 147.394654973 117.815163897 109.43457063 121.739496255 140.910868821 143.477981561 129.076560626 117.770955874 144.03457157 114.186858852 148.707990982 134.251040174 149.795089796 95.6491296595 147.358464417 100.632108278 54.8980189093 53.3506296986 138.237147963 136.12373271 79.3045759093 134.471107076 138.708311744 90.7011436301 61.1549817791 58.3053767528 66.239794232 123.154727268 148.919678469 112.979672415 50.4890099514 117.684152442 135.535258401 73.2397469257 146.248445838 68.5542795833 102.031014778 128.829194641 61.9459252157 82.2255235819 82.342663419 149.092656794 95.1984257455 127.319824181 108.425638187 102.177659714 64.5463560733 127.038298335 146.349753114 146.115187149 112.051850878 75.1278742254 60.0093103797 132.675238419 74.8276786418 64.8904644986 97.3465294235 139.929118331 119.302928134 96.4757900366 107.445386263 100.081533674 92.4563619494 59.6934027849 67.951412082
111.22454953 70.0569060217 59.2271840814 63.6370666265 90.6198268063 64.85094059 80.9200156581 0.0 87.8475857975 118.790801583 126.677735965 58.5721330566 68.0700369415 100.833750012 82.0652780222 62.0965581951 141.459698431 104.889047 115.020303269 68.3691179708 109.19893445 90.9490758443 120.890056944 148.794536983 100.110720618 75.6940400312 71.6587078714 121.798409563 121.09934529 66.5212176929 77.1833127876 94.9818724222 85.0456108081 116.57155409 83.8869097476 110.517814489 57.3327714655 129.502604491 80.52276781 69.9572717614 120.915350174 126.145579846 134.297449653 92.0034997246 75.8169423332 122.862278766 135.381173611 116.219438733 124.441427369 127.825748926 125.27285178 74.7239319464 108.061831214 110.383300345 57.0462393474 52.5994483053 70.6813407604 101.35921094 93.4474627274 124.567209948 132.051281286 89.532873987 73.2562935326 120.420596844 87.4358933736 73.4059629023 65.0190162272 112.25983501 98.1242368104 143.05398023 91.1208349792 62.5751869821 58.3687084546 100.399822974 78.6933106075 120.074275504 96.2884452485 90.8078029959 113.199389209 123.286647196 94.5012077627 70.8085543709 133.884901132 124.840480929 88.2066120392 122.887796569 72.3233698363 111.54354437 94.0833477791 148.734421711 82.65640595 103.450260325 85.5523871617 149.575477 71.5512499751 136.79594779 131.392098061 79.5031903097 131.722498216 60.0920174071
82.0900692742 89.2717197466 103.580062058 86.6317566842 87.6611367965 92.9540579848 83.2264806689 87.8475857975 0.0 134.998900365 90.986575336 145.732789021 120.605780047 149.547066194 121.972077453 70.1233129268 95.8230040798 108.600328183 66.6955439201 138.179521225 137.060858897 70.3886998976 107.551577566 129.533234308 123.02191797 52.9651025091 144.297916444 111.300328785 73.2583146846 97.6716758122 146.132816787 116.903586198 83.2935640863 132.153968417 144.181652242 130.759839756 52.0019405348 105.826209294 50.0020828657 81.5222602261 77.4619161057 53.4098004265 86.6071280422 121.044919018 97.6581010861 134.091598081 131.804705715 68.9544204713 97.0377148951 74.3610495556 56.9417301289 78.4512567884 58.0006081074 111.755555358 65.1758290488 94.7519717021 98.1253843701 106.521777386 135.918296569 145.017976516 134.701158618 54.4539764472 123.981054182 91.0448271498 67.6379019743 86.5647671338 51.5533684472 58.3233369203 62.6531557416 81.5956294919 109.697665554 98.1130200392 136.55444773 142.024106274 118.079920747 61.4765898912 53.4139686797 98.1414826923 88.8138927361 119.78238719 94.2389954663 142.984896817 119.703695233 81.5998860051 54.995908362 104.542441509 148.59826385 73.6558469327 140.080284936 141.159697013 130.883296737 114.127538799 64.4606535512 56.6682759639 117.3676783 72.4003338149 73.6357819286 136.201873737 92.4622682327 91.5664434421
77.6341053343 88.0092974027 104.526092298 63.2692211952 141.435274137 119.056373307 56.6168122092 118.790801583 134.998900365 0.0 114.220310794 95.7742582249 125.54188299 96.2284261888 139.153538351 137.356318446 55.4325686365 73.0474560115 92.5115145269 76.287157412 79.3486135882 66.7994607082 111.105092269 51.7835150786 131.511717416 93.9565495192 56.8682061357 74.4048429299 62.7825239827 109.91012095 82.6098359118 85.035902437 107.206960914 76.8496127001 137.094994585 85.3267727675 101.812904452 91.4610120033 69.159437231 97.9118036364 95.956075778 116.026699057 87.6346591684 74.4757429137 111.081440149 78.530143755 105.900291237 86.1203384476 125.512345753 97.8432507378 71.8411550654 118.273527314 83.0977952436 131.607859114 88.0254411637 118.12283233 132.43226087 126.514387264 137.129871191 128.275247041 100.922100359 80.0684800078 113.730894903 69.6900556046 92.4121057548 96.6098837543 140.194540547 96.9646080814 57.8257774821 129.382237209 93.8956367055 126.056875967 138.8952227 96.804288261 101.802145879 117.570080326 136.442665216 77.4342512209 143.597738038 130.052759852 82.6169344332 98.8127020506 83.4314238228 61.1505026192 136.065377386 76.4781060992 120.545178111 86.61379572 86.6719004043 145.770145313 51.8557885972 142.277840989 148.72488776 131.848087608 147.608462903 103.469338805 63.9795436344 106.947423656 124.030492042 135.898543234
103.558165032 98.914067284 98.5571444978 77.8867243821 50.1595715582 98.2799190836 126.531737576 126.677735965 90.986575336 114.220310794 0.0 68.965723377 123.629401603 72.7223757758 108.298718188 143.479272423 98.0515385596 98.3728124172 69.434971031 142.734332902 93.5890299022 129.215108996 65.0234826205 95.0588786185 79.9477869985 132.964470192 58.8258320476 57.1566098021 136.438638445 129.770456265 67.4357053175 135.47491504 53.1445941041 112.230279835 148.460975128 119.136378068 127.299926267 121.934613105 67.3643539893 90.0915829972 101.289411858 134.182258992 59.2151882383 87.4951312311 77.8219780905 68.3739594164 90.8350659187 132.694054613 108.240928993 94.7932713594 143.523130099 69.7358668131 59.8643418973 129.593843342 146.380021492 78.6572311683 149.706790066 50.7221988921 102.453755062 106.826365535 62.419220134 93.5513414718 114.961659482 50.4810189213 62.313089301 138.365685526 146.069677079 98.7407748374 137.137870884 132.392259474 50.2042529911 55.8847813716 65.3401657635 63.8385266088 112.565539651 71.8325989935 76.9017988766 60.5712389716 131.354827408 81.0637671833 57.6436035003 149.197196912 93.7541489088 105.862048516 52.1740073667 100.026849738 114.267862502 51.9704130398 130.766418915 132.124696044 145.733401127 113.621254157 123.601810045 140.010466921 132.895658052 69.8613113995 122.861322918 52.200444457 50.1412809478 127.525170722
99.8739694198 65.7768123204 57.8654624235 80.1727090435 52.7499851841 82.1182638853 138.774913909 58.5721330566 145.732789021 95.7742582249 68.965723377 0.0 63.029344932 107.383668359 127.698693861 104.868954355 91.7478211713 74.8379365007 101.908982127 66.8305164925 130.716199741 144.646122468 83.949731669 126.794193295 95.8677725385 95.9465353128 108.505220815 147.186370467 119.199753689 117.610406149 99.8174746483 67.9288118155 65.5200108899 108.758969279 112.534575275 89.4568829069 138.415749094 138.100055852 110.646184285 93.3379742008 54.1209672406 71.9279568417 66.0113385802 107.723726106 53.7995924813 93.1602002948 132.756313934 71.0671555944 147.016332981 146.912253504 133.670812171 147.750612199 69.156522351 89.2465322786 92.0486353206 122.270313052 87.7582382031 75.8388887278 65.5369018651 101.105019856 103.210465405 149.210678111 58.131406146 147.294952448 147.232557562 98.6509149034 146.418535104 86.7037612265 146.869176358 58.4070118245 96.7448429167 115.203292193 98.4115778695 139.801556816 111.560666174 102.660791192 149.359334613 98.1159457631 54.7031014792 55.9548375133 122.457590879 147.916256033 122.175590865 71.3539145812 70.4832188169 80.2192240229 111.372768615 118.802192543 131.667559247 59.0001792728 125.671927747 125.679844952 68.6569828484 77.6735356372 69.5389477907 80.1334896958 124.167708468 123.376917442 83.7042309973 88.8684679975
109.94826514 51.6434603726 106.031308866 70.1197630982 83.0867881596 130.4077188 91.3933546482 68.0700369415 120.605780047 125.54188299 123.629401603 63.029344932 0.0 134.401500061 141.973937238 66.6273559147 144.205135293 97.5323640939 143.530290089 60.4852918218 81.5713762694 91.6303076606 140.625400651 71.5323677038 104.973051894 102.671118436 94.3339676168 122.202889297 61.4968619584 126.455032578 90.4390129239 112.64713898 127.647846363 90.6414225253 105.750351917 81.565268017 113.350853508 72.7258654178 74.9775829119 86.6508735587 115.556437121 149.951649301 131.724850653 104.686029348 65.0351480306 60.2653848816 68.667462576 79.9104381356 87.5379174241 72.2199855471 113.332923816 80.0831885886 137.595647792 137.311610869 99.5810279303 132.070074391 136.644499139 135.588013806 128.730921666 124.513118127 66.7863203501 109.11966917 84.505059806 99.723014018 142.114120032 105.44960728 104.848117945 60.9393835554 50.5053477981 94.1679212297 64.6234499133 52.7396439812 71.7492380464 134.86676569 127.594531525 103.872891829 69.9595136151 139.379407844 59.8963046632 77.7955712954 96.5255387674 138.870305818 99.4150303296 144.988940138 105.672689961 92.8902234783 55.3753920976 64.3970781771 104.321392507 117.884711699 126.603490851 87.1555969284 125.202859659 92.1634470361 107.350466682 103.319884371 60.5508757869 94.5453010279 70.4734884867 77.7518830116
99.5567127419 74.1793084378 94.1447442545 63.3221471083 88.9067875987 82.402683118 147.149160772 100.833750012 149.547066194 96.2284261888 72.7223757758 107.383668359 134.401500061 0.0 145.474336528 53.0775854049 144.881592729 63.3734297994 83.5850332312 149.728205163 86.232065013 74.7562086366 119.136578851 111.037448977 113.86381273 148.60343074 61.9476070567 85.5397029544 127.554313038 61.6054473562 57.8879451153 141.723323217 109.491383353 89.7982316064 84.9016591728 81.862340755 124.719454972 140.702191509 84.4791418707 72.2704172326 132.707686212 89.4154207087 144.74178613 137.572493008 148.009771793 61.9098233885 57.5598729015 52.626509668 90.3131364456 123.131131695 132.110879164 63.8570107655 50.3071319383 104.896147353 119.129678618 103.964951873 131.341119775 58.5499899205 134.602413554 137.349279934 122.723696641 58.2579651934 129.965978543 82.3617648459 117.667334251 144.372896283 132.339485386 77.7500996618 139.927384999 124.07555792 125.322831197 93.6982838961 112.098647476 94.4567481926 139.433203761 110.283339414 113.31463449 112.155263588 78.8062978034 51.5940776205 100.156656757 86.8575586589 85.2810084184 91.2127731005 96.1626973995 72.5270637033 118.368006712 104.083184836 72.2333482936 57.0586027074 118.112971691 86.8389066959 71.7031166519 92.5879614552 70.0694864267 77.6290276659 123.030136403 58.7829137062 142.119262341 129.159748416
110.698106692 118.95531028 66.583991485 142.15604366 66.1653597117 84.3579222723 69.2719670431 82.0652780222 121.972077453 139.153538351 108.298718188 127.698693861 141.973937238 145.474336528 0.0 104.816818369 76.9506791003 105.546148187 117.869995683 84.7974863531 107.373614611 65.30666512 57.1288476589 109.281174313 75.873385493 122.427703619 77.7238069724 93.6888068731 91.9331625064 133.97596525 66.2271885565 66.9160200636 107.487896652 114.947240122 64.4690173145 122.681290648 145.008537795 102.138675163 72.0426402782 96.0668843017 110.951521225 132.851278482 71.950277172 130.509190548 62.9037204124 111.132033062 120.859342034 55.8391177741 137.395663431 126.381073334 50.6866740678 135.059291787 100.965369248 50.1657505443 74.0415522257 88.8032505248 56.1381296552 129.057467242 127.488543332 84.0331612255 112.369410296 62.6399261547 116.721322115 56.7309814551 127.613120721 114.83988887 94.5700205902 90.4875568895 120.836966353 140.320616392 58.9737593716 73.4689210754 126.41528197 86.9021072362 52.8413372124 145.746583223 81.6946358955 101.105281114 72.5893641555 77.3278733064 52.3668147259 55.1950864441 147.782439595 122.280644986 103.754218273 53.5143854523 115.033611812 138.572673635 82.6911157285 142.881115541 63.0678531003 78.142932756 90.8905445195 127.361461251 133.985859223 139.786131254 145.373052165 52.6814507059 91.4727283352 129.878055137
147.142967835 88.438534987 122.630716873 79.2233969895 143.208075702 58.7205333078 103.147904614 62.0965581951 70.1233129268 137.356318446 143.479272423 104.868954355 66.6273559147 53.0775854049 104.816818369 0.0 60.7746690582 140.149441661 105.815029666 91.0626895097 54.7403274302 111.781315462 146.256886899 53.3732412284 109.279315963 63.4944075559 110.643876135 53.9353854684 57.1316225353 142.290380865 134.458535293 51.7002615344 76.8840583061 143.439305842 69.4483919044 68.6004965684 133.735473077 84.8101875662 83.3047472077 117.099171202 136.969926464 110.108883109 100.465801288 130.721751591 125.27848269 120.266310037 68.1579269397 120.001195429 103.151179926 124.58661543 136.074683174 138.689788754 147.19024874 76.4220284046 103.879615144 69.385144124 140.560238441 61.3742275653 82.543691615 96.0354657806 101.093142716 64.3733142728 117.773045998 125.47555881 53.8571346162 87.859873249 139.010541469 115.495206328 101.131623177 142.48488905 140.574463533 138.38549682 79.1499763823 68.3236610637 145.373061732 124.972511428 71.1610186513 103.44832333 105.737574544 109.365195989 85.3143893428 143.413135245 109.000117784 141.962104437 51.3792678572 60.0251121535 124.460195253 52.6809866839 94.2597894635 68.6660514046 110.164318783 147.287476647 68.1722765185 142.31499824 84.2969684772 134.068169532 129.483353133 99.318194594 122.580773522 61.9059057845
107.893930177 110.826103678 130.412211423 74.4649239418 122.787279962 136.851767974 69.4568434005 141.459698431 95.8230040798 55.4325686365 98.0515385596 91.7478211713 144.205135293 144.881592729 76.9506791003 60.7746690582 0.0 80.046550381 109.633393258 93.8171452441 127.130257792 128.016596839 84.1967536158 126.815568427 132.775352773 144.309073754 64.9155040736 89.3961062984 91.261371712 105.359069748 136.277135226 114.524432991 92.8225950024 103.414687761 88.503726274 125.894355335 137.855863931 136.860405078 50.7023738445 78.9300106771 73.054844476 139.019995645 65.6474594533 65.6075469602 142.063961697 140.521194425 142.600101523 69.2932206575 78.6228647551 102.497448734 136.130447667 75.8598519037 83.0312935949 74.9784626676 133.289146374 94.3561549724 103.947377305 146.261577445 92.8489689194 122.873799018 94.6878424239 123.534478971 109.492797356 81.1790992945 57.9623139144 74.0038964181 137.309536371 92.960594883 124.624588521 145.819070481 82.083974469 135.20571357 124.16524266 87.0061647092 89.4446096632 60.8573332463 113.980729005 65.5288120579 67.3617268182 124.884160705 63.7786214821 130.109176471 76.2585514167 51.7826654154 137.379996161 78.4978302663 138.15186437 54.6002505645 62.9320615162 96.0707431214 105.713951454 127.303201049 145.033534253 136.399168465 140.12904053 135.76955228 134.860915838 86.0961066094 78.9597312955 79.9029431508
78.9035462508 142.65988229 84.9142041101 140.208678708 83.1494798086 53.4147016029 87.9745129108 104.889047 108.600328183 73.0474560115 98.3728124172 74.8379365007 97.5323640939 63.3734297994 105.546148187 140.149441661 80.046550381 0.0 63.6711601005 55.5899507317 134.936202329 130.155009006 83.1111504205 122.692903617 104.148535955 55.0952259601 141.092764433 100.36320529 111.34503315 69.7045773787 138.534848643 74.8626295027 104.883205844 90.4414215258 97.8994341019 65.5865310448 76.6449239534 133.516970334 114.003964659 113.971133096 66.2078079598 65.994837981 63.7493422601 58.1275164219 112.603765002 56.5336166472 74.3047792577 145.326619514 83.5024466774 125.843656543 104.977411185 114.285613106 103.789532122 92.2381387126 90.748787968 52.8173722446 96.9096769372 77.6360957988 51.8992392599 128.868045511 109.653281964 143.372009653 90.2327069015 143.605928475 98.8812604538 65.0452598207 61.6990332587 66.3078306805 120.979363863 56.0590958691 122.04235234 144.833347213 104.865556284 67.0279318793 139.235753676 107.076534607 119.567547131 62.884389599 132.418752118 101.020501679 82.5060135607 130.809931432 83.5493882978 68.7977352434 85.4648282954 75.6342006277 138.153578642 136.015944535 95.082839441 72.7712774506 119.620464037 78.7225591453 61.9494738945 80.8048323605 148.819768185 90.2209953353 62.6500138421 79.5386647098 55.6876727558 145.813636643
57.6396808581 111.812441983 110.47278133 74.047268657 127.221164111 101.625130603 60.1376058101 115.020303269 66.6955439201 92.5115145269 69.434971031 101.908982127 143.530290089 83.5850332312 117.869995683 105.815029666 109.633393258 63.6711601005 0.0 137.645164116 139.366290825 112.567482525 93.5928874685 107.69052839 142.932087831 123.59375775 82.4740230467 83.9983071703 106.134508866 100.074926564 63.6955722063 69.9305864438 97.5882364206 87.9017917218 107.037789908 104.843607204 133.7079989 79.766652226 90.2635092223 109.926774218 113.696197501 61.064630038 66.9096045484 77.4761955644 57.9887391859 76.2382120643 148.911468242 110.196080054 87.8066724087 110.235835455 146.611199736 62.0032660466 96.3155629644 59.7967985126 80.7984913993 149.848868159 84.950764345 148.222256064 57.0940094837 83.0889392771 121.792522485 130.335070228 97.6036691677 67.0556900078 83.3655111318 85.2214287108 74.2582890327 124.220487688 103.102319005 148.890822658 115.332560944 116.893899367 59.7479736742 138.405665932 89.8872605886 85.7261630205 98.4328907397 103.623427684 76.795645738 82.0086244051 104.885603979 145.01073842 144.833218429 117.588974033 135.98421488 83.28689834 147.217083196 134.98385702 130.537159142 96.9732821767 97.9733171229 127.930544381 72.9572022713 139.007192304 54.9616695396 103.54443611 66.8766673203 131.399534144 125.059039331 112.021820471
129.733769708 146.477154891 55.0618532942 80.4633496019 110.70585685 77.3041158568 110.709916467 68.3691179708 138.179521225 76.287157412 142.734332902 66.8305164925 60.4852918218 149.728205163 84.7974863531 91.0626895097 93.8171452441 55.5899507317 137.645164116 0.0 126.691908416 59.0618848499 92.819217323 77.7013432549 102.71025634 132.312559185 110.635723368 149.310928372 56.7987545726 62.260127821 133.384442199 85.9978051807 98.4140263952 114.082573176 69.9737463637 85.6857260965 56.9724292618 133.588730281 137.94890988 103.423520623 63.484371739 64.3581792263 50.3330627183 80.7229961513 140.954407096 84.3470860418 137.532892136 114.383188844 91.6300207599 80.3840024431 79.3613974614 116.624756911 100.02285009 133.946452816 130.727010762 140.888461877 149.666595129 143.656646283 108.710266862 83.3550060914 100.973029021 126.487200999 133.506755957 122.374651943 116.225153406 63.4662446034 149.577543681 102.927421308 124.812678289 51.9835827885 85.6414658094 132.12333671 97.3139981647 107.536420385 65.6403592078 85.371391204 111.218362239 58.4251864547 119.498586915 53.9190857497 51.5892778954 70.4098997228 56.4103556358 128.404265715 115.321961004 118.716136458 142.763233245 101.279504921 114.883272231 65.5374611111 80.5375868521 67.5558818904 142.451405176 85.4929187353 72.0490361376 111.82368048 147.282653289 59.8230480101 51.7527398762 142.411686224
123.793107883 70.0895765663 73.86136478 94.2037375063 69.0654295427 52.1050198751 51.1092225118 109.19893445 137.060858897 79.3486135882 93.5890299022 130.716199741 81.5713762694 86.232065013 107.373614611 54.7403274302 127.130257792 134.936202329 139.366290825 126.691908416 0.0 118.590487148 118.612372071 78.8356951342 73.3847384833 101.800439549 113.573517056 124.564180736 87.8581802181 116.120126633 127.747404132 127.655457083 65.2366051452 73.992214922 107.96818314 53.6297044497 106.897249189 95.9603944678 68.7225421554 108.68099668 54.8638244434 118.191085656 60.4032600653 108.188518239 133.995270907 84.711076676 79.6339611147 57.226983842 52.9302100514 121.666934491 88.051217665 112.018494999 65.1834971603 101.567112299 53.597614087 64.721706286 68.1994952753 108.732047141 129.241626256 72.357876714 131.78413145 104.177457535 80.5317121422 129.432841255 135.214828869 69.7864396248 106.140181469 91.4706275061 145.639627843 117.506561238 77.7028706244 110.0426996 102.36926201 138.720258015 147.072737538 91.3414674313 146.511487575 109.116435711 129.252667025 120.764564797 105.829623013 96.0070198511 138.890211109 95.9152840863 119.435529079 91.4313154164 94.5075875111 60.4996779531 91.909624133 112.353007323 138.063674773 111.418097825 148.217955731 80.0257422792 91.6964370241 119.044921863 93.7354275353 106.985010991 139.736926351 56.545068973
82.9430566225 51.0861240009 102.102095047 141.807101736 113.422522181 147.67700192 145.779375565 90.9490758443 70.3886998976 66.7994607082 129.215108996 144.646122468 91.6303076606 74.7562086366 65.30666512 111.781315462 128.016596839 130.155009006 112.567482525 59.0618848499 118.590487148 0.0 127.090982278 149.018464258 143.244784422 54.8211822219 54.4699708262 112.145711932 118.077335008 149.33374051 104.130896248 101.358719609 72.4732297718 83.0519885923 82.4575949348 108.780303199 75.1895869269 83.4608749282 107.764848943 80.8215549756 109.911763114 148.413386793 110.684946714 58.9917004754 101.058194162 138.227999475 102.899105787 113.165362724 97.0953046312 88.850322679 129.869989887 115.225662622 53.7524669535 128.070180517 73.5102917016 54.4196064436 64.1485271523 99.106850838 122.716926314 121.301571865 107.628225145 138.506581056 84.4116368071 108.315355299 53.2196056345 130.003931062 105.306226918 121.166923973 140.119209108 60.1821418586 148.054214701 60.7912347393 143.335590336 104.657725754 134.015755688 51.8372871562 102.532417544 82.0360750929 54.3549918237 101.804338786 111.377219212 112.078974931 87.5392372744 60.6321007496 88.0264068959 119.30949076 62.4704389754 66.5563474457 98.0255723263 97.9343644302 138.30310091 72.504078508 130.046858359 146.585202848 139.560361758 121.00001465 116.335546714 137.956820804 67.3473002762 104.252030466
125.00739074 108.928937576 102.778958811 88.2585304587 135.407315388 71.3186736241 141.335232905 120.890056944 107.551577566 111.105092269 65.0234826205 83.949731669 140.625400651 119.136578851 57.1288476589 146.256886899 84.1967536158 83.1111504205 93.5928874685 92.819217323 118.612372071 127.090982278 0.0 90.1097710605 93.9862914612 125.954390543 114.811380453 58.0208829929 56.268557331 112.782460443 133.33993872 132.046544555 144.51112065 96.5304019134 70.3492129739 144.605681219 122.577545908 126.572898044 124.982660812 126.450039394 58.0192337682 106.961197444 138.072770019 66.2773004524 121.729207472 51.9448393902 89.8395105888 60.3811064377 92.956800747 56.7833222654 110.576115637 75.3074941242 67.1754241339 148.841061601 102.518716683 113.744268696 64.5917845827 134.853393287 116.027047915 63.2760999096 139.332452874 88.9678012496 134.891371691 61.7571403386 54.1719559328 85.6017161566 146.615535417 71.1327523206 57.736658499 103.015939136 136.874406524 145.00631846 84.781811228 134.35367835 103.357968861 61.8845357066 64.9081292588 79.3821977052 95.7910296719 92.3166316013 92.4524599452 81.8755134611 92.0067008408 99.4781091468 88.2547615303 78.1539215196 135.627211001 130.742880768 84.4216768481 149.665934021 104.123055926 83.7789407763 138.614608931 109.59748997 138.555915954 131.695182089 61.8315388115 133.83880335 141.288516869 73.5103019316
93.529346927 51.2711553977 77.1575570942 148.855503256 109.158783575 100.851529061 108.91837584 148.794536983 129.533234308 51.7835150786 95.0588786185 126.794193295 71.5323677038 111.037448977 109.281174313 53.3732412284 126.815568427 122.692903617 107.69052839 77.7013432549 78.8356951342 149.018464258 90.1097710605 0.0 91.6858387142 149.330323827 93.3790371456 80.4524851352 123.858477633 64.4357222604 146.393409714 135.110614697 56.2255448354 118.414725006 89.2810613591 71.3333493333 61.098526483 141.580317669 119.452502863 148.387172951 86.2265675247 72.5383625396 131.730743482 95.7789584688 110.399851131 88.9926492672 114.829138693 113.378801126 79.3854101042 99.4247995129 96.5879158554 118.323674459 69.7030513609 124.644934632 110.851156623 70.7540082884 106.445927126 143.07406194 67.1287680554 111.759800984 124.309976483 136.474898329 131.277302318 101.195266663 131.87994978 70.6748917366 50.6015703965 58.317319676 68.4892588929 80.4748654517 80.8589883222 55.0142987344 120.144433603 118.447900342 75.5683716189 100.720734493 57.2315937354 61.0311927781 111.235525285 91.2122345295 107.059409983 78.9944518466 106.924435098 67.8925204158 89.7055669376 67.690556773 97.382331529 56.7986324065 123.999086344 112.721336418 115.495320688 53.3486349958 109.850826402 80.3182876618 121.613084927 117.15249146 94.0073956941 74.1427708042 130.968070279 76.8155794638
149.884499451 101.032923407 74.0958719697 126.052591614 123.643518156 59.647075048 93.3173438379 100.110720618 123.02191797 131.511717416 79.9477869985 95.8677725385 104.973051894 113.86381273 75.873385493 109.279315963 132.775352773 104.148535955 142.932087831 102.71025634 73.3847384833 143.244784422 93.9862914612 91.6858387142 0.0 141.249799081 140.471135987 122.681666214 138.847968552 79.8982947878 55.5791429558 134.896417163 138.427262208 138.405303877 109.766594542 96.8292072437 143.333888175 83.8281105696 57.6348631105 52.6194381888 96.8935182827 75.3415844231 113.813367978 139.78300786 99.2695771952 110.282865735 75.7679270162 113.440354835 83.7465065353 66.0590578841 144.728610125 144.49865967 115.912186592 120.460387285 126.950360551 104.580524288 141.772006102 76.7432761003 100.601703886 100.804791788 80.504334795 110.478917694 58.9688759677 58.5246981031 122.453055487 109.808776913 124.346430191 138.049903913 136.264818557 126.285661973 96.4228458848 60.0186550407 132.275511263 138.734189463 120.865146621 94.2946490169 144.391007849 61.3780752218 97.9085114687 71.8102165232 125.326164497 50.2005394581 112.652228179 80.1077416716 104.983266601 149.031444835 135.109141946 78.6225143502 121.969403816 61.5402486988 81.4013230738 90.8248545381 58.0788866395 78.6014481145 94.9710022992 84.8189855367 95.2206008153 73.8984040472 109.434903733 85.6733934237
134.813951083 119.276681088 50.9450348914 66.4961265366 97.0768117223 148.072162269 128.415124644 75.6940400312 52.9651025091 93.9565495192 132.964470192 95.9465353128 102.671118436 148.60343074 122.427703619 63.4944075559 144.309073754 55.0952259601 123.59375775 132.312559185 101.800439549 54.8211822219 125.954390543 149.330323827 141.249799081 0.0 87.5665062603 72.6104014546 100.848138299 77.0964840396 69.308013308 74.6684482506 107.48142071 87.9297666353 53.4925000524 121.531373293 76.4193338751 79.2377055959 147.399237396 52.6493052164 87.3976229774 134.744566498 102.955641415 121.296592873 96.9095236368 120.226196655 53.6438514472 96.7896028617 119.230928973 72.6776908237 69.6700047893 118.332964685 65.7028080959 124.928428674 64.6801596379 124.766292664 83.5049773521 96.4749373203 92.6334574647 57.6031914697 55.3835069294 81.8289206779 124.479799965 83.080935837 90.3167885828 119.215629301 85.2871630854 53.6477401598 119.101627126 125.488108291 67.6399963242 111.306436809 126.463223422 129.046955229 98.6815977944 142.532166308 93.0290227645 140.384252794 53.1662002018 89.8377905174 79.3299441999 98.2338878673 114.546550756 81.3879747032 98.6333934173 149.185433612 114.043972715 138.721602781 88.6775030586 77.6169268565 141.779534814 83.9007901433 123.082811295 142.47892107 121.384971638 149.29822196 122.238241883 58.6796998862 106.986763308 145.298793772
